--- FRAME 0 ISAACLAB DIAGNOSTICS ---
{
  "tracker_obs_shape": [
    510
  ],
  "action": [
    0.5398101210594177,
    0.33727556467056274,
    0.38330158591270447,
    0.2844162583351135,
    -0.14611008763313293,
    0.14372636377811432,
    0.6930289268493652,
    -0.6650402545928955,
    -0.06876929104328156,
    -1.172377109527588,
    -1.3371683359146118,
    -0.4701286256313324,
    -0.26742812991142273,
    1.4950814247131348,
    1.5218497514724731,
    0.583237886428833,
    -0.7683911919593811,
    -0.2575480043888092,
    0.37498557567596436,
    -1.31502103805542,
    1.6433446407318115,
    1.8190664052963257,
    1.8256001472473145,
    -0.5676142573356628,
    0.43698638677597046,
    1.890716314315796,
    -2.8513147830963135,
    3.5737051963806152,
    -4.513843536376953
  ],
  "components": {
    "generated_command": [
      -0.04659431800246239,
      0.05650874227285385,
      0.10610608011484146,
      0.09679103642702103,
      -0.19878120720386505,
      -0.05193647742271423,
      0.2556670010089874,
      -0.30693987011909485,
      -0.08301759511232376,
      0.1660671830177307,
      0.14995914697647095,
      -0.04810971021652222,
      0.21960066258907318,
      -0.12539473176002502,
      -0.18500405550003052,
      0.25248605012893677,
      -0.2768612504005432,
      -0.0705648735165596,
      0.13314194977283478,
      -0.6037831902503967,
      0.65030837059021,
      1.370044231414795,
      1.203673243522644,
      -0.2635592222213745,
      -0.0667644515633583,
      0.11131730675697327,
      -0.021880634129047394,
      0.317001610994339,
      -0.28379857540130615,
      0.0025206657592207193,
      0.012065188027918339,
      -0.0036040281411260366,
      0.02587222494184971,
      -0.014143211767077446,
      -0.017432469874620438,
      0.0
    ],
    "base_ang_vel_history": [
      0.15584401786327362,
      -0.033790022134780884,
      0.044798508286476135,
      -0.07832399010658264,
      -0.1328393816947937,
      -0.04365132749080658,
      0.16275380551815033,
      -0.09831464290618896,
      0.09857825934886932,
      -0.18311074376106262,
      -0.20495213568210602,
      0.1270265430212021,
      0.15106533467769623,
      -0.0721350759267807,
      -0.272530734539032
    ],
    "joint_pos_history": [
      0.22257238626480103,
      0.2516337037086487,
      0.19781051576137543,
      0.2363133281469345,
      -0.1934288740158081,
      -0.04116686433553696,
      0.26901552081108093,
      -0.2599165737628937,
      -0.13974282145500183,
      -0.4598480463027954,
      -0.49757522344589233,
      -0.16630911827087402,
      -0.08549105376005173,
      0.18465973436832428,
      0.19778107106685638,
      0.12348172813653946,
      -0.14495280385017395,
      -0.18372085690498352,
      0.16442878544330597,
      -0.5707435607910156,
      0.6930059194564819,
      0.7640272974967957,
      0.7870545983314514,
      -0.26509326696395874,
      0.17988571524620056,
      0.12856586277484894,
      -0.21461765468120575,
      0.24859218299388885,
      -0.3275854289531708,
      0.20985554158687592,
      0.2551129162311554,
      0.1806463748216629,
      0.2504695951938629,
      -0.18774467706680298,
      -0.047784678637981415,
      0.2771955728530884,
      -0.2442246824502945,
      -0.15130731463432312,
      -0.44890180230140686,
      -0.5028952956199646,
      -0.17570443451404572,
      -0.08959998190402985,
      0.1798127442598343,
      0.20386840403079987,
      0.11301236599683762,
      -0.15464577078819275,
      -0.1706652194261551,
      0.1657486855983734,
      -0.5722295045852661,
      0.6921085119247437,
      0.7652757167816162,
      0.7734538912773132,
      -0.2652820348739624,
      0.17712877690792084,
      0.12283512204885483,
      -0.20828184485435486,
      0.24298430979251862,
      -0.34171468019485474,
      0.222081258893013,
      0.25775235891342163,
      0.18605151772499084,
      0.23349301517009735,
      -0.2007542997598648,
      -0.04518807679414749,
      0.270285964012146,
      -0.2618752717971802,
      -0.14936207234859467,
      -0.4674602448940277,
      -0.5105233192443848,
      -0.18793153762817383,
      -0.07665850967168808,
      0.1774992048740387,
      0.2018793374300003,
      0.11716263741254807,
      -0.14763453602790833,
      -0.18472659587860107,
      0.1639162003993988,
      -0.5647062659263611,
      0.7066323757171631,
      0.7666483521461487,
      0.7810356616973877,
      -0.2674734592437744,
      0.1725604236125946,
      0.1262616068124771,
      -0.22087736427783966,
      0.2536947727203369,
      -0.3254248797893524,
      0.22107025980949402,
      0.2566460967063904,
      0.19506922364234924,
      0.23667089641094208,
      -0.20173756778240204,
      -0.052776679396629333,
      0.27743253111839294,
      -0.24966517090797424,
      -0.1604616492986679,
      -0.46338608860969543,
      -0.5014275908470154,
      -0.18612654507160187,
      -0.08107529580593109,
      0.19116388261318207,
      0.1940450221300125,
      0.11883120983839035,
      -0.15694564580917358,
      -0.17413941025733948,
      0.15483713150024414,
      -0.5819675326347351,
      0.6958334445953369,
      0.7707996368408203,
      0.7745732069015503,
      -0.25585055351257324,
      0.18458296358585358,
      0.11620079725980759,
      -0.2090635597705841,
      0.2456919103860855,
      -0.3309597373008728,
      0.2380814105272293,
      0.26063650846481323,
      0.19145320355892181,
      0.25258034467697144,
      -0.20390701293945312,
      -0.06374013423919678,
      0.2725975811481476,
      -0.251151978969574,
      -0.1559978872537613,
      -0.4634125530719757,
      -0.4910159111022949,
      -0.17845915257930756,
      -0.09559925645589828,
      0.17995910346508026,
      0.20021919906139374,
      0.10307332873344421,
      -0.1471092849969864,
      -0.1855919063091278,
      0.15072372555732727,
      -0.5878528952598572,
      0.7018384337425232,
      0.776970386505127,
      0.7894360423088074,
      -0.25602486729621887,
      0.1767454892396927,
      0.12614984810352325,
      -0.2116605043411255,
      0.25791001319885254,
      -0.3310953974723816
    ],
    "joint_vel_history": [
      -0.24317100644111633,
      -0.22327405214309692,
      -0.37897345423698425,
      0.23225247859954834,
      -0.33412206172943115,
      -0.013385295867919922,
      -0.14416956901550293,
      0.014374732971191406,
      0.07262879610061646,
      0.3228413462638855,
      -0.4351021349430084,
      -0.21054407954216003,
      0.17298215627670288,
      0.12607109546661377,
      0.021178007125854492,
      -0.6733359098434448,
      -0.3505418300628662,
      0.15202701091766357,
      -0.13357126712799072,
      0.05421668291091919,
      -0.3995479643344879,
      -0.1817532181739807,
      0.3154382109642029,
      -0.09571868181228638,
      0.035591304302215576,
      -0.06335583329200745,
      0.3888774514198303,
      -0.372812956571579,
      0.227952778339386,
      0.46786653995513916,
      0.17604809999465942,
      0.08897435665130615,
      0.31274908781051636,
      0.005414247512817383,
      0.034977614879608154,
      -0.3740844130516052,
      -0.623897135257721,
      0.33013802766799927,
      -0.03453171253204346,
      -0.13307955861091614,
      -0.49578315019607544,
      -0.06779241561889648,
      0.5623495578765869,
      -0.12958800792694092,
      -0.40054643154144287,
      0.12072581052780151,
      -0.01109287142753601,
      -0.4426569640636444,
      -0.4981745183467865,
      0.4430667757987976,
      -0.3288893699645996,
      -0.28642112016677856,
      -0.3284585475921631,
      -0.19937390089035034,
      -0.41831785440444946,
      -0.0805957019329071,
      0.5403871536254883,
      0.18226629495620728,
      0.20245349407196045,
      0.0761880874633789,
      0.3840269446372986,
      -0.21393045783042908,
      0.21961522102355957,
      -0.07874912023544312,
      0.07922995090484619,
      -0.3616076409816742,
      0.35385769605636597,
      -0.20812225341796875,
      0.5166624784469604,
      0.16433042287826538,
      -0.29437246918678284,
      -0.1826874017715454,
      0.03172802925109863,
      -0.3485237956047058,
      0.08286255598068237,
      -0.6208696961402893,
      -0.28976747393608093,
      -0.8211207389831543,
      0.42801761627197266,
      -0.08982741832733154,
      -0.23876237869262695,
      0.6380810737609863,
      -0.13579216599464417,
      -0.24439457058906555,
      -0.022828221321105957,
      -0.3585299551486969,
      -0.3863663375377655,
      0.2554950714111328,
      0.5406402349472046,
      -0.14038124680519104,
      -0.0831117331981659,
      0.028642714023590088,
      -0.09196674823760986,
      0.5102475881576538,
      0.41987109184265137,
      -0.5023505091667175,
      -0.1173153817653656,
      -0.0036082863807678223,
      0.04710274934768677,
      0.26836955547332764,
      0.22376108169555664,
      -0.07913130521774292,
      0.4331251382827759,
      0.38404834270477295,
      0.08205521106719971,
      0.44375962018966675,
      -0.2511707842350006,
      0.40694189071655273,
      0.4592131972312927,
      -0.2247438132762909,
      0.691688060760498,
      0.22188687324523926,
      0.3099416494369507,
      0.010151267051696777,
      0.298664391040802,
      0.26003772020339966,
      0.20989322662353516,
      0.46208900213241577,
      0.12350195646286011,
      -0.14629876613616943,
      0.519180417060852,
      -0.15776276588439941,
      0.4971328377723694,
      -0.11306113004684448,
      -0.335268497467041,
      0.19085341691970825,
      -0.20752623677253723,
      -0.35236018896102905,
      0.22447186708450317,
      -0.13131588697433472,
      0.21736013889312744,
      0.12272858619689941,
      0.3811073899269104,
      0.24379265308380127,
      0.20316672325134277,
      0.03139454126358032,
      0.45533323287963867,
      0.13472509384155273,
      -0.20963633060455322,
      0.6682553291320801,
      -0.2915324568748474,
      0.19016528129577637,
      -0.3928898572921753,
      -0.31997424364089966,
      0.3802323341369629
    ],
    "actions_history": [
      0.5362252593040466,
      0.45116478204727173,
      0.34156662225723267,
      0.24186161160469055,
      -0.09389340132474899,
      -0.022207442671060562,
      0.7039031982421875,
      -0.7221550345420837,
      -0.40728408098220825,
      -1.1325373649597168,
      -1.2560038566589355,
      -0.5565959811210632,
      -0.26531654596328735,
      1.4662020206451416,
      1.5312265157699585,
      0.4551003575325012,
      -0.6419499516487122,
      -0.2432355433702469,
      0.40598350763320923,
      -1.2719850540161133,
      1.5364562273025513,
      1.7258599996566772,
      1.7948564291000366,
      -0.5833123922348022,
      0.4055691361427307,
      1.7690244913101196,
      -2.9447882175445557,
      3.4673845767974854,
      -4.521317005157471,
      0.5373334288597107,
      0.4409639239311218,
      0.32326966524124146,
      0.22014212608337402,
      -0.06211010366678238,
      -0.018791738897562027,
      0.6954697370529175,
      -0.729472815990448,
      -0.4015597701072693,
      -1.138071060180664,
      -1.2672427892684937,
      -0.5101126432418823,
      -0.2908119857311249,
      1.4542665481567383,
      1.524674654006958,
      0.5282310247421265,
      -0.664716362953186,
      -0.25099045038223267,
      0.4107758402824402,
      -1.3114678859710693,
      1.557291030883789,
      1.7698239088058472,
      1.8160583972930908,
      -0.5928804278373718,
      0.40630924701690674,
      1.7682024240493774,
      -2.9032225608825684,
      3.533992290496826,
      -4.529506206512451,
      0.5078743696212769,
      0.4871974289417267,
      0.362647145986557,
      0.16616129875183105,
      -0.07734189182519913,
      0.0721806138753891,
      0.726032018661499,
      -0.7106199860572815,
      -0.385004460811615,
      -1.1395041942596436,
      -1.244533658027649,
      -0.548670768737793,
      -0.23515954613685608,
      1.43483304977417,
      1.5056931972503662,
      0.602454662322998,
      -0.6625446081161499,
      -0.2452220767736435,
      0.40119147300720215,
      -1.3262649774551392,
      1.5797039270401,
      1.8282604217529297,
      1.7844765186309814,
      -0.5492702722549438,
      0.3856351971626282,
      1.5845704078674316,
      -2.990086793899536,
      3.5990636348724365,
      -4.553772449493408,
      0.537505030632019,
      0.4520244896411896,
      0.37117087841033936,
      0.22548642754554749,
      -0.10287551581859589,
      0.03343161568045616,
      0.6923863887786865,
      -0.6983451843261719,
      -0.37946510314941406,
      -1.1160337924957275,
      -1.2441883087158203,
      -0.4507993459701538,
      -0.27029290795326233,
      1.5540745258331299,
      1.5862705707550049,
      0.5918461680412292,
      -0.6752505302429199,
      -0.22389376163482666,
      0.40162011981010437,
      -1.3230986595153809,
      1.6155451536178589,
      1.8172770738601685,
      1.8115371465682983,
      -0.5349891185760498,
      0.4173623025417328,
      1.54489266872406,
      -2.9062862396240234,
      3.529876708984375,
      -4.548271179199219,
      0.554383397102356,
      0.31265655159950256,
      0.3706369698047638,
      0.23131334781646729,
      -0.1092258170247078,
      0.09063132107257843,
      0.7105749845504761,
      -0.6901955604553223,
      -0.1737370491027832,
      -1.1830415725708008,
      -1.3274693489074707,
      -0.4449618458747864,
      -0.27087143063545227,
      1.4131685495376587,
      1.4535280466079712,
      0.5889991521835327,
      -0.7336835265159607,
      -0.24977542459964752,
      0.4052606225013733,
      -1.3175365924835205,
      1.6041970252990723,
      1.8132119178771973,
      1.8209879398345947,
      -0.5378892421722412,
      0.4142415523529053,
      1.7014456987380981,
      -2.882871389389038,
      3.5362493991851807,
      -4.504787445068359
    ],
    "project_gravity": [
      0.19853229820728302,
      0.17278312146663666,
      -1.0231398344039917,
      0.13030906021595,
      -0.03120790421962738,
      -1.1593691110610962,
      -0.05489222705364227,
      -0.007478833198547363,
      -0.9885207414627075,
      0.004087731242179871,
      -0.15786240994930267,
      -1.1002998352050781,
      0.2258877009153366,
      0.16784365475177765,
      -0.8382357358932495
    ],
    "obj_pos_b": [
      0.30820053815841675,
      -0.060158420354127884,
      -0.6285048723220825
    ],
    "obj_ori_b": [
      -0.6386406421661377,
      -0.312360018491745,
      -0.7931115627288818,
      0.32704976201057434,
      0.046754635870456696,
      0.8214777708053589
    ]
  }
}